camera_matrix:
  - [500.0, 0.0, 320.0]
  - [0.0, 500.0, 240.0]
  - [0.0, 0.0, 1.0]
dist_coeff:
  - [0.0, 0.0, 0.0, 0.0, 0.0]
